METODA DT
zb treningowy ------------------------------
score:
1.0
conf matrix:
[[  11    0    0    0    0    0    0]
 [   0  103    0    0    0    0    0]
 [   0    0  999    0    0    0    0]
 [   0    0    0 1568    0    0    0]
 [   0    0    0    0  613    0    0]
 [   0    0    0    0    0  129    0]
 [   0    0    0    0    0    0    5]]
zb testowy ------------------------------
score:
0.5727891156462585
conf matrix:
[[  0   1   6   2   0   0   0]
 [  0  16  26  15   2   0   1]
 [  0  15 287 125  27   4   0]
 [  3  11 116 384  94  22   0]
 [  0   3  27  84 138  15   0]
 [  0   0   2  13  13  17   1]
 [  0   0   0   0   0   0   0]]